Energy [MeV]	sigma_case0_p0	sigma_case0_p1	sigma_case0_p2	sigma_case0_p3	sigma_case1_p0	sigma_case1_p1	sigma_case1_p2	sigma_case1_p3	sigma_case2_p0	sigma_case2_p1	sigma_case2_p2	sigma_case2_p3	sigma_case3_p0	sigma_case3_p1	sigma_case4_p0	sigma_case4_p1	sigma_case5_p0	sigma_case5_p1	sigma_case6_p0	sigma_case6_p1	sigma_case7_p0	sigma_case7_p1	sigma_case7_p2	sigma_case7_p3	sigma_case8_p0	sigma_case8_p1	sigma_case8_p2	sigma_case8_p3	sigma_case9_p0	sigma_case9_p1	sigma_case10_p0	sigma_case10_p1  [cm^-2]
150.0	4.45929e-41	1.1156e-41	1.15262e-41	1.11096e-41	4.45498e-41	1.11156e-41	1.1382e-41	1.11819e-41	-4.61189e-41	-7.7468e-42	-8.20072e-42	-7.88422e-42	1.76608e-41	2.53798e-42	1.13331e-41	2.21825e-42	1.9377e-41	2.74122e-42	1.18454e-41	2.2893e-42	2.52317e-39	3.93354e-40	4.24608e-40	3.91758e-40	6.20443e-41	1.29671e-41	1.38799e-41	1.31337e-41	4.50682e-41	1.03378e-41	2.39563e-41	5.32725e-42
200.0	1.50782e-40	1.23828e-40	1.30811e-40	1.25215e-40	1.50872e-40	1.23467e-40	1.30903e-40	1.25445e-40	-1.78869e-40	-9.56799e-41	-1.07251e-40	-9.79033e-41	7.63075e-41	3.43723e-41	3.59841e-41	2.27364e-41	9.1486e-41	3.96121e-41	3.91644e-41	2.41469e-41	8.17066e-39	4.30411e-39	4.85979e-39	4.3627e-39	1.05972e-40	8.33741e-41	9.20048e-41	8.44946e-41	2.05447e-40	1.37603e-40	6.12706e-41	4.78836e-41
250.0	2.60631e-40	2.52081e-40	2.72981e-40	2.54838e-40	2.60389e-40	2.52112e-40	2.7296e-40	2.56156e-40	-2.65282e-40	-1.87973e-40	-2.28387e-40	-1.94414e-40	1.25972e-40	7.64732e-41	5.25396e-41	4.09847e-41	1.63969e-40	9.60001e-41	5.89822e-41	4.46877e-41	1.06829e-38	7.39228e-39	8.72922e-39	7.51876e-39	1.01819e-40	9.83669e-41	1.1057e-40	9.95866e-41	4.20601e-40	3.33671e-40	8.33676e-41	7.77674e-41
300.0	3.66937e-40	3.68272e-40	4.07658e-40	3.73816e-40	3.6508e-40	3.69088e-40	4.07701e-40	3.74161e-40	-2.96497e-40	-2.38236e-40	-3.22115e-40	-2.50226e-40	1.59806e-40	1.11417e-40	6.16803e-41	5.22954e-41	2.26203e-40	1.52425e-40	7.11377e-41	5.89831e-41	1.10452e-38	8.61208e-39	1.06853e-38	8.80135e-39	8.61416e-41	8.92095e-41	1.02484e-40	9.06608e-41	6.49926e-40	5.54587e-40	9.35943e-41	9.29403e-41
400.0	5.72316e-40	5.83092e-40	6.576e-40	5.92811e-40	5.72883e-40	5.83657e-40	6.56395e-40	5.93237e-40	-2.61015e-40	-2.41188e-40	-4.32927e-40	-2.6041e-40	1.97149e-40	1.57607e-40	6.75159e-41	6.19352e-41	3.30411e-40	2.56353e-40	8.20985e-41	7.37697e-41	9.68009e-39	8.44381e-39	1.14843e-38	8.61764e-39	5.80941e-41	6.36685e-41	7.7085e-41	6.48529e-41	1.12747e-39	1.02813e-39	1.00519e-40	1.03676e-40
500.0	7.72443e-40	7.85627e-40	8.89656e-40	7.94569e-40	7.73161e-40	7.86788e-40	8.88745e-40	7.94262e-40	-1.7186e-40	-1.76494e-40	-4.81911e-40	-1.99904e-40	2.08935e-40	1.79039e-40	6.63215e-41	6.30746e-41	4.15138e-40	3.44869e-40	8.43916e-41	7.88065e-41	7.85018e-39	7.22609e-39	1.06502e-38	7.40453e-39	4.02095e-41	4.52117e-41	5.80327e-41	4.6249e-41	1.60397e-39	1.50916e-39	1.00695e-40	1.04841e-40
600.0	9.69499e-40	9.71875e-40	1.10729e-39	9.84698e-40	9.67593e-40	9.75403e-40	1.10746e-39	9.87491e-40	-7.59784e-41	-9.28228e-41	-5.04553e-40	-1.18994e-40	2.07138e-40	1.85024e-40	6.27916e-41	6.06775e-41	4.8258e-40	4.18945e-40	8.29272e-41	7.92075e-41	6.26557e-39	5.97664e-39	9.44764e-39	6.12093e-39	2.92157e-41	3.29249e-41	4.5072e-41	3.37437e-41	2.07284e-39	1.98092e-39	9.90998e-41	1.03142e-40
800.0	1.32079e-39	1.30944e-39	1.49513e-39	1.31737e-39	1.32089e-39	1.30509e-39	1.48909e-39	1.3239e-39	8.37631e-41	6.0387e-41	-5.20738e-40	2.83453e-41	1.86704e-40	1.7534e-40	5.41322e-41	5.35478e-41	5.79895e-40	5.30813e-40	7.59925e-41	7.41785e-41	4.08624e-39	4.0376e-39	7.10028e-39	4.14066e-39	1.69994e-41	1.94876e-41	2.93399e-41	1.96998e-41	2.96627e-39	2.87986e-39	9.4439e-41	9.72903e-41
1000.0	1.60847e-39	1.58727e-39	1.82748e-39	1.59596e-39	1.61387e-39	1.58372e-39	1.82516e-39	1.60164e-39	1.92865e-40	1.68391e-40	-5.32293e-40	1.36978e-40	1.61332e-40	1.55713e-40	4.65396e-41	4.64542e-41	6.42564e-40	6.07368e-40	6.82532e-41	6.74702e-41	2.80701e-39	2.83147e-39	5.34519e-39	2.88789e-39	1.09735e-41	1.27012e-41	2.08159e-41	1.29595e-41	3.81351e-39	3.73861e-39	9.00856e-41	9.18204e-41
2000.0	2.48654e-39	2.42744e-39	2.9001e-39	2.46863e-39	2.50676e-39	2.43771e-39	2.92632e-39	2.44679e-39	3.98904e-40	3.78679e-40	-5.81329e-40	3.44452e-40	7.57686e-41	7.71428e-41	2.61939e-41	2.6342e-41	7.14941e-40	7.15022e-40	4.22034e-41	4.22425e-41	7.66652e-40	7.89395e-40	1.7591e-39	8.05415e-40	2.76739e-42	3.23347e-42	6.39499e-42	3.26283e-42	7.84437e-39	7.78945e-39	7.18452e-41	7.21428e-41
3000.0	2.93863e-39	2.83357e-39	3.48496e-39	2.86035e-39	2.91455e-39	2.83935e-39	3.46938e-39	2.87043e-39	4.57468e-40	4.36998e-40	-6.12746e-40	4.03477e-40	4.20119e-41	4.36511e-41	1.80407e-41	1.81052e-41	6.72601e-40	6.84984e-40	3.0269e-41	3.01827e-41	3.43389e-40	3.56509e-40	8.29123e-40	3.63606e-40	1.23874e-42	1.44158e-42	3.03528e-42	1.45684e-42	1.18335e-38	1.18455e-38	5.99507e-41	5.9441e-41
4000.0	3.14845e-39	3.07297e-39	3.85443e-39	3.11352e-39	3.17442e-39	3.06711e-39	3.86125e-39	3.11768e-39	4.85237e-40	4.61911e-40	-6.3448e-40	4.2637e-40	2.64614e-41	2.77203e-41	1.36701e-41	1.39152e-41	6.15158e-40	6.32071e-40	2.35203e-41	2.34152e-41	1.94545e-40	2.01238e-40	4.79849e-40	2.05679e-40	6.93248e-43	7.97157e-43	1.75392e-42	8.18836e-43	1.58321e-38	1.59282e-38	5.05582e-41	5.06861e-41
5000.0	3.31802e-39	3.24306e-39	4.07144e-39	3.26517e-39	3.30678e-39	3.22961e-39	4.08013e-39	3.25347e-39	5.03428e-40	4.79535e-40	-6.51927e-40	4.41742e-40	1.81346e-41	1.90942e-41	1.11377e-41	1.11737e-41	5.61325e-40	5.80547e-40	1.90155e-41	1.90687e-41	1.24042e-40	1.29353e-40	3.11598e-40	1.3151e-40	4.48014e-43	5.18794e-43	1.13277e-42	5.40894e-43	1.98813e-38	2.00691e-38	4.44734e-41	4.44409e-41
6000.0	3.42952e-39	3.32331e-39	4.22712e-39	3.35013e-39	3.42925e-39	3.33305e-39	4.24803e-39	3.40285e-39	5.17433e-40	4.86231e-40	-6.58733e-40	4.50111e-40	1.31845e-41	1.39216e-41	9.23835e-42	9.3574e-42	5.14703e-40	5.32574e-40	1.59669e-41	1.60481e-41	8.61068e-41	8.92352e-41	2.17497e-40	9.1951e-41	3.0742e-43	3.56981e-43	7.95603e-43	3.68774e-43	2.40448e-38	2.42557e-38	3.95239e-41	3.93652e-41
7000.0	3.55486e-39	3.41881e-39	4.36798e-39	3.4589e-39	3.50109e-39	3.41511e-39	4.35887e-39	3.46412e-39	5.24804e-40	4.98351e-40	-6.64478e-40	4.60076e-40	1.00288e-41	1.06356e-41	8.02282e-42	8.01618e-42	4.73253e-40	4.91939e-40	1.39589e-41	1.4043e-41	6.35208e-41	6.57211e-41	1.60305e-40	6.7542e-41	2.26113e-43	2.61584e-43	5.85555e-43	2.72161e-43	2.81207e-38	2.84671e-38	3.54511e-41	3.53366e-41
8000.0	3.59565e-39	3.49008e-39	4.47867e-39	3.49712e-39	3.61231e-39	3.49403e-39	4.47959e-39	3.48846e-39	5.36829e-40	5.04299e-40	-6.68892e-40	4.63226e-40	7.85244e-42	8.31065e-42	6.95745e-42	7.10823e-42	4.37594e-40	4.57007e-40	1.22058e-41	1.2257e-41	4.87522e-41	5.08271e-41	1.22724e-40	5.18753e-41	1.74364e-43	2.04112e-43	4.443e-43	2.10922e-43	3.23034e-38	3.27346e-38	3.21092e-41	3.22749e-41
9000.0	3.62973e-39	3.51978e-39	4.5204e-39	3.5698e-39	3.61427e-39	3.52051e-39	4.54255e-39	3.58346e-39	5.3604e-40	5.11361e-40	-6.7462e-40	4.61963e-40	6.35044e-42	6.73386e-42	6.22232e-42	6.28527e-42	4.07343e-40	4.25282e-40	1.09796e-41	1.10185e-41	3.79253e-41	4.00266e-41	9.77661e-41	4.04977e-41	1.37047e-43	1.62559e-43	3.54689e-43	1.632e-43	3.64594e-38	3.70155e-38	2.95311e-41	2.96241e-41
10000.0	3.64354e-39	3.54651e-39	4.63358e-39	3.6056e-39	3.68073e-39	3.55168e-39	4.60042e-39	3.61534e-39	5.39016e-40	5.12948e-40	-6.79114e-40	4.68697e-40	5.22469e-42	5.53699e-42	5.67701e-42	5.71106e-42	3.80285e-40	3.98819e-40	9.88527e-42	9.87322e-42	3.07353e-41	3.23351e-41	7.83364e-41	3.32034e-41	1.10811e-43	1.28144e-43	2.866e-43	1.31945e-43	4.06279e-38	4.12405e-38	2.73221e-41	2.72472e-41
