Energy [MeV]	sigma_case0_p0	sigma_case0_p1	sigma_case0_p2	sigma_case0_p3	sigma_case1_p0	sigma_case1_p1	sigma_case1_p2	sigma_case1_p3	sigma_case2_p0	sigma_case2_p1	sigma_case2_p2	sigma_case2_p3	sigma_case3_p0	sigma_case3_p1	sigma_case4_p0	sigma_case4_p1	sigma_case5_p0	sigma_case5_p1	sigma_case6_p0	sigma_case6_p1	sigma_case7_p0	sigma_case7_p1	sigma_case7_p2	sigma_case7_p3	sigma_case8_p0	sigma_case8_p1	sigma_case8_p2	sigma_case8_p3	sigma_case9_p0	sigma_case9_p1	sigma_case10_p0	sigma_case10_p1  [cm^-2]
150.0	1.36528e-40	2.99766e-41	3.08642e-41	3.01856e-41	4.69085e-41	1.4394e-41	1.50184e-41	1.46527e-41	-4.91937e-41	-1.00129e-41	-1.07033e-41	-1.02297e-41	1.89239e-41	3.33829e-42	-1.19415e-41	-2.89134e-42	2.0982e-41	3.58086e-42	-1.25788e-41	-2.99621e-42	2.69417e-39	5.02398e-40	5.52927e-40	5.08766e-40	-6.38225e-41	-1.68883e-41	-1.81008e-41	-1.69751e-41	4.82088e-41	1.35074e-41	-4.77072e-41	-1.10511e-41
200.0	6.7673e-40	3.70889e-40	3.89875e-40	3.75389e-40	1.5485e-40	1.31001e-40	1.39029e-40	1.32805e-40	-1.83693e-40	-1.01652e-40	-1.13916e-40	-1.0418e-40	7.83865e-41	3.64816e-41	-3.67796e-41	-2.40173e-41	9.47707e-41	4.22143e-41	-4.00048e-41	-2.55431e-41	8.3214e-39	4.54142e-39	5.13585e-39	4.60744e-39	-1.06293e-40	-8.7271e-41	-9.58333e-41	-8.842e-41	2.12196e-40	1.47159e-40	-1.53783e-40	-9.36129e-41
250.0	1.30976e-39	9.08003e-40	9.69772e-40	9.17566e-40	2.64951e-40	2.59481e-40	2.82301e-40	2.63382e-40	-2.68087e-40	-1.9186e-40	-2.34657e-40	-1.99279e-40	1.27729e-40	7.86645e-41	-5.31973e-41	-4.19215e-41	1.66985e-40	9.87902e-41	-5.96032e-41	-4.60116e-41	1.07361e-38	7.54579e-39	8.94733e-39	7.68533e-39	-1.01192e-40	-9.99139e-41	-1.12212e-40	-1.01423e-40	4.28278e-40	3.44065e-40	-2.28619e-40	-1.69874e-40
300.0	1.89427e-39	1.46899e-39	1.59824e-39	1.48954e-39	3.70652e-40	3.75313e-40	4.15013e-40	3.82032e-40	-2.97252e-40	-2.41229e-40	-3.2682e-40	-2.5299e-40	1.61437e-40	1.13542e-40	-6.18803e-41	-5.29538e-41	2.28977e-40	1.55575e-40	-7.15035e-41	-5.98485e-41	1.1054e-38	8.70093e-39	1.0826e-38	8.85899e-39	-8.56033e-41	-8.95786e-41	-1.03078e-40	-9.08855e-41	6.60611e-40	5.68753e-40	-2.72871e-40	-2.20933e-40
400.0	2.8656e-39	2.47297e-39	2.78655e-39	2.50105e-39	5.77193e-40	5.91055e-40	6.66779e-40	5.99097e-40	-2.59766e-40	-2.42565e-40	-4.36132e-40	-2.60679e-40	1.97482e-40	1.58328e-40	-6.76522e-41	-6.23165e-41	3.33194e-40	2.58635e-40	-8.23358e-41	-7.43657e-41	9.66744e-39	8.49241e-39	1.15278e-38	8.67372e-39	-5.80164e-41	-6.39933e-41	-7.7568e-41	-6.4851e-41	1.13947e-39	1.04034e-39	-3.13307e-40	-2.76092e-40
500.0	3.54566e-39	3.22096e-39	3.73048e-39	3.26614e-39	7.79449e-40	7.95982e-40	9.02173e-40	8.03378e-40	-1.69219e-40	-1.75992e-40	-4.842e-40	-2.00654e-40	2.09586e-40	1.79821e-40	-6.62828e-41	-6.33267e-41	4.16566e-40	3.47928e-40	-8.45386e-41	-7.93488e-41	7.82884e-39	7.24992e-39	1.06927e-38	7.41015e-39	-4.00689e-41	-4.52949e-41	-5.80698e-41	-4.62169e-41	1.61961e-39	1.526e-39	-3.21636e-40	-2.95516e-40
600.0	4.00448e-39	3.73489e-39	4.43417e-39	3.77746e-39	9.6997e-40	9.82628e-40	1.11683e-39	9.95932e-40	-7.37944e-41	-8.99374e-41	-5.06072e-40	-1.18648e-40	2.07087e-40	1.85654e-40	-6.26726e-41	-6.09886e-41	4.85058e-40	4.22323e-40	-8.3078e-41	-7.94168e-41	6.2398e-39	5.97603e-39	9.46152e-39	6.12229e-39	-2.89759e-41	-3.30671e-41	-4.49833e-41	-3.36197e-41	2.08465e-39	1.995e-39	-3.15963e-40	-2.98041e-40
800.0	4.46299e-39	4.31039e-39	5.27442e-39	4.35327e-39	1.3195e-39	1.31898e-39	1.49913e-39	1.32918e-39	8.55545e-41	6.18898e-41	-5.24506e-40	2.92593e-41	1.86797e-40	1.75818e-40	-5.40995e-41	-5.35061e-41	5.81115e-40	5.34601e-40	-7.60686e-41	-7.42342e-41	4.08252e-39	4.03642e-39	7.08658e-39	4.12806e-39	-1.68076e-41	-1.949e-41	-2.9344e-41	-1.99574e-41	2.97896e-39	2.89741e-39	-2.92201e-40	-2.83843e-40
1000.0	4.64443e-39	4.52633e-39	5.70264e-39	4.57432e-39	1.61343e-39	1.59527e-39	1.83506e-39	1.61527e-39	1.94777e-40	1.7004e-40	-5.34914e-40	1.37469e-40	1.6115e-40	1.55764e-40	-4.65954e-41	-4.63741e-41	6.42635e-40	6.06835e-40	-6.79984e-41	-6.72884e-41	2.80002e-39	2.81635e-39	5.33597e-39	2.87976e-39	-1.08725e-41	-1.2759e-41	-2.06435e-41	-1.28645e-41	3.83027e-39	3.75673e-39	-2.64559e-40	-2.60134e-40
2000.0	4.61279e-39	4.52136e-39	5.97534e-39	4.56588e-39	2.49117e-39	2.43649e-39	2.91581e-39	2.46684e-39	4.00341e-40	3.77855e-40	-5.8414e-40	3.47625e-40	7.56659e-41	7.68578e-41	-2.6153e-41	-2.6475e-41	7.16304e-40	7.1605e-40	-4.23153e-41	-4.23912e-41	7.60726e-40	7.86573e-40	1.75566e-39	8.03164e-40	-2.74124e-42	-3.18129e-42	-6.39863e-42	-3.262e-42	7.84806e-39	7.8152e-39	-1.69666e-40	-1.70932e-40
3000.0	4.45417e-39	4.37631e-39	5.82723e-39	4.43117e-39	2.93865e-39	2.84185e-39	3.49469e-39	2.86784e-39	4.60907e-40	4.37346e-40	-6.1451e-40	4.00843e-40	4.19957e-41	4.34244e-41	-1.81419e-41	-1.81423e-41	6.72637e-40	6.84867e-40	-2.98492e-41	-3.01534e-41	3.41763e-40	3.54923e-40	8.32012e-40	3.64293e-40	-1.23277e-42	-1.43233e-42	-3.03952e-42	-1.46673e-42	1.18416e-38	1.1878e-38	-1.21613e-40	-1.22927e-40
4000.0	4.37646e-39	4.27572e-39	5.72712e-39	4.33484e-39	3.16741e-39	3.08494e-39	3.8257e-39	3.10263e-39	4.89329e-40	4.62694e-40	-6.34293e-40	4.30203e-40	2.64066e-41	2.75383e-41	-1.36792e-41	-1.38364e-41	6.14824e-40	6.3342e-40	-2.31617e-41	-2.35364e-41	1.93573e-40	2.00274e-40	4.78707e-40	2.05217e-40	-6.91987e-43	-8.18105e-43	-1.75056e-42	-8.26937e-43	1.5865e-38	1.5954e-38	-9.3798e-41	-9.52406e-41
5000.0	4.2995e-39	4.20489e-39	5.65831e-39	4.23871e-39	3.32313e-39	3.23546e-39	4.07682e-39	3.23525e-39	5.05144e-40	4.79039e-40	-6.47311e-40	4.44477e-40	1.81454e-41	1.90538e-41	-1.10722e-41	-1.1169e-41	5.60592e-40	5.80993e-40	-1.89198e-41	-1.90102e-41	1.23137e-40	1.27958e-40	3.10529e-40	1.31239e-40	-4.47665e-43	-5.15422e-43	-1.13642e-42	-5.19211e-43	1.98753e-38	2.0099e-38	-7.59645e-41	-7.75424e-41
6000.0	4.32032e-39	4.16607e-39	5.55984e-39	4.21867e-39	3.43023e-39	3.3379e-39	4.23409e-39	3.37258e-39	5.14891e-40	4.88996e-40	-6.5638e-40	4.49643e-40	1.31851e-41	1.3893e-41	-9.28752e-42	-9.3301e-42	5.13124e-40	5.32446e-40	-1.60289e-41	-1.62223e-41	8.62652e-41	8.99554e-41	2.16474e-40	9.17969e-41	-3.04152e-43	-3.59502e-43	-7.85918e-43	-3.66166e-43	2.41185e-38	2.42686e-38	-6.39377e-41	-6.521e-41
7000.0	4.22663e-39	4.1624e-39	5.51108e-39	4.18774e-39	3.51998e-39	3.44198e-39	4.40166e-39	3.4491e-39	5.28954e-40	4.95199e-40	-6.66509e-40	4.61473e-40	1.00169e-41	1.05561e-41	-7.99508e-42	-8.06449e-42	4.72264e-40	4.91199e-40	-1.3829e-41	-1.39729e-41	6.30874e-41	6.64451e-41	1.59596e-40	6.79655e-41	-2.24579e-43	-2.65417e-43	-5.83656e-43	-2.71622e-43	2.821e-38	2.84956e-38	-5.49238e-41	-5.62018e-41
8000.0	4.18094e-39	4.12343e-39	5.54731e-39	4.19921e-39	3.58255e-39	3.43258e-39	4.44525e-39	3.48902e-39	5.2919e-40	5.04304e-40	-6.7297e-40	4.61635e-40	7.87428e-42	8.31002e-42	-6.96789e-42	-6.99206e-42	4.36968e-40	4.54983e-40	-1.21655e-41	-1.22231e-41	4.85724e-41	5.05127e-41	1.22744e-40	5.19395e-41	-1.73046e-43	-2.00731e-43	-4.49065e-43	-2.10156e-43	3.2391e-38	3.28021e-38	-4.8288e-41	-4.95295e-41
9000.0	4.20049e-39	4.12056e-39	5.48873e-39	4.14235e-39	3.61147e-39	3.53138e-39	4.52324e-39	3.55791e-39	5.46234e-40	5.14618e-40	-6.80829e-40	4.65505e-40	6.32163e-42	6.68138e-42	-6.29132e-42	-6.2682e-42	4.07289e-40	4.25683e-40	-1.09457e-41	-1.09333e-41	3.81722e-41	4.01087e-41	9.68392e-41	4.07208e-41	-1.38256e-43	-1.60698e-43	-3.5709e-43	-1.62627e-43	3.64957e-38	3.70205e-38	-4.31694e-41	-4.40319e-41
10000.0	4.16364e-39	4.09131e-39	5.45949e-39	4.13116e-39	3.64284e-39	3.58061e-39	4.65172e-39	3.60585e-39	5.42373e-40	5.1374e-40	-6.75464e-40	4.76015e-40	5.19517e-42	5.52515e-42	-5.66234e-42	-5.72998e-42	3.8048e-40	3.97947e-40	-9.77881e-42	-9.9179e-42	3.1301e-41	3.19199e-41	7.83924e-41	3.31898e-41	-1.11651e-43	-1.33471e-43	-2.87789e-43	-1.32658e-43	4.07539e-38	4.13126e-38	-3.88418e-41	-3.9501e-41
